1 0.15390625 0.63125 0.02578125 0.0328125
1 0.23046875 0.7046875 0.025 0.03046875
3 0.66015625 0.78828125 0.046875 0.0421875
1 0.3421875 0.53125 0.02265625 0.02890625
1 0.4328125 0.475 0.02578125 0.028125
1 0.496875 0.39609375 0.025 0.02890625
1 0.565625 0.3578125 0.028125 0.03203125
1 0.634375 0.31953125 0.0234375 0.034375
0 0.72265625 0.25078125 0.03515625 0.0359375
0 0.79140625 0.2109375 0.0390625 0.0421875
0 0.8578125 0.17265625 0.034375 0.03984375
1 0.73671875 0.3765625 0.02578125 0.03203125
1 0.83828125 0.43203125 0.028125 0.02890625