3 0.11171875 0.23359375 0.0421875 0.04921875
1 0.01484375 0.18046875 0.0296875 0.03203125
1 0.04375 0.278125 0.028125 0.0265625
1 0.321875 0.36796875 0.025 0.025
1 0.39609375 0.44140625 0.0296875 0.03984375
1 0.509375 0.26796875 0.02734375 0.03203125
1 0.603125 0.20859375 0.03046875 0.0328125
1 0.66484375 0.13359375 0.03515625 0.03203125
1 0.73515625 0.09375 0.025 0.03046875
1 0.803125 0.05703125 0.02734375 0.03671875
1 0.90390625 0.1140625 0.03671875 0.03671875
3 0.8296875 0.52109375 0.04609375 0.0515625
1 0.6328125 0.6875 0.0296875 0.03203125
1 0.53046875 0.74765625 0.0296875 0.0265625
1 0.42890625 0.8046875 0.03046875 0.0328125