1 0.28203125 0.20390625 0.0671875 0.07421875
1 0.41640625 0.22421875 0.05546875 0.07578125
1 0.46875 0.25546875 0.06171875 0.0796875
1 0.53125 0.25 0.05390625 0.0875
1 0.42578125 0.421875 0.05234375 0.07578125
1 0.37109375 0.4625 0.05078125 0.0859375
1 0.4125 0.5484375 0.0640625 0.0859375
1 0.24765625 0.61171875 0.06328125 0.10625
1 0.28359375 0.75234375 0.05234375 0.11484375
1 0.14609375 0.44296875 0.059375 0.1015625
1 0.22421875 0.28828125 0.0609375 0.0953125
0 0.72421875 0.4484375 0.0609375 0.1046875