1 0.20703125 0.1234375 0.05625 0.071875
1 0.26015625 0.05625 0.0484375 0.05703125
1 0.425 0.10078125 0.04140625 0.06640625
1 0.4828125 0.084375 0.04296875 0.07421875
1 0.64765625 0.24296875 0.0421875 0.0859375
1 0.37109375 0.31875 0.04140625 0.071875
1 0.3375 0.25390625 0.04140625 0.0703125
1 0.38515625 0.22109375 0.04921875 0.07421875
1 0.43515625 0.340625 0.040625 0.071875
1 0.4859375 0.678125 0.04609375 0.11640625
1 0.55703125 0.696875 0.05625 0.0859375
1 0.23046875 0.375 0.0515625 0.084375
1 0.14140625 0.24296875 0.053125 0.0890625
1 0.253125 0.47421875 0.053125 0.06328125
0 0.38046875 0.07265625 0.04296875 0.07421875