1 0.559375 0.40546875 0.06953125 0.078125
1 0.628125 0.3984375 0.04453125 0.10078125
1 0.3515625 0.334375 0.06328125 0.09140625
1 0.29140625 0.44140625 0.0640625 0.0515625
1 0.22265625 0.63671875 0.06015625 0.09765625
1 0.52109375 0.5921875 0.0671875 0.09921875
1 0.4703125 0.659375 0.0640625 0.084375
1 0.5203125 0.759375 0.06484375 0.1046875
1 0.60703125 0.8 0.07109375 0.096875
1 0.3421875 0.84296875 0.0640625 0.1046875
1 0.24140625 0.759375 0.0703125 0.1125
1 0.859375 0.62421875 0.06640625 0.11015625