0 0.6125 0.46640625 0.05625 0.0859375
0 0.6671875 0.5453125 0.05234375 0.09765625
0 0.571875 0.7515625 0.06484375 0.13359375
0 0.5171875 0.60625 0.06640625 0.11640625
1 0.44609375 0.29453125 0.05625 0.09140625
1 0.3953125 0.45 0.05625 0.0875
1 0.421875 0.53125 0.06484375 0.08046875
1 0.62265625 0.22421875 0.0453125 0.09140625
1 0.67890625 0.2578125 0.0390625 0.0890625
1 0.73515625 0.2484375 0.0453125 0.09140625
1 0.48828125 0.20859375 0.05703125 0.07578125
1 0.7484375 0.57890625 0.0671875 0.11015625
1 0.9546875 0.44453125 0.0578125 0.1046875