0 0.55 0.62890625 0.06015625 0.1140625
1 0.4703125 0.590625 0.053125 0.1140625
1 0.4203125 0.509375 0.05546875 0.09296875
1 0.47265625 0.45546875 0.05546875 0.08984375
1 0.58203125 0.28828125 0.0484375 0.0890625
1 0.515625 0.29296875 0.04375 0.08984375
1 0.4609375 0.2578125 0.0484375 0.08359375
1 0.32265625 0.23984375 0.046875 0.0875
1 0.265625 0.32578125 0.06328125 0.06875
1 0.19375 0.49375 0.05 0.10625
1 0.3046875 0.6640625 0.059375 0.11484375
1 0.21640625 0.584375 0.05078125 0.09375
1 0.33828125 0.80625 0.06640625 0.1109375