0 0.33515625 0.27265625 0.0609375 0.0765625
0 0.53125 0.3375 0.05390625 0.05546875
0 0.48125 0.2953125 0.04921875 0.06328125
0 0.27734375 0.365625 0.0671875 0.06328125
1 0.20703125 0.54453125 0.05078125 0.1015625
1 0.315625 0.71875 0.0703125 0.09765625
1 0.4875 0.64375 0.04453125 0.09296875
1 0.57109375 0.678125 0.0609375 0.08984375
1 0.49609375 0.5 0.06015625 0.11015625
0 0.440625 0.5578125 0.06484375 0.096875
1 0.81640625 0.5265625 0.07265625 0.11953125
0 0.59921875 0.31171875 0.05625 0.0890625