1 0.20859375 0.12421875 0.059375 0.06640625
1 0.26015625 0.05234375 0.0484375 0.0625
1 0.37734375 0.0671875 0.0453125 0.06328125
0 0.42578125 0.103125 0.04296875 0.05859375
0 0.484375 0.10078125 0.04453125 0.06328125
0 0.334375 0.2609375 0.05859375 0.071875
0 0.36953125 0.3234375 0.0453125 0.0515625
0 0.43671875 0.3453125 0.06953125 0.0796875
0 0.38515625 0.221875 0.04453125 0.0625
0 0.253125 0.47265625 0.0640625 0.07421875
1 0.14375 0.24375 0.04296875 0.08203125
1 0.2265625 0.3640625 0.05 0.08984375
1 0.15546875 0.3140625 0.0484375 0.05859375
0 0.64921875 0.2421875 0.053125 0.09296875