1 0.60703125 0.5703125 0.08671875 0.1515625
1 0.7359375 0.60390625 0.10390625 0.1515625
1 0.6296875 0.37421875 0.10546875 0.140625
1 0.721875 0.1453125 0.09140625 0.1171875
1 0.8453125 0.1171875 0.078125 0.1265625
1 0.634375 0.090625 0.07734375 0.10390625
1 0.51875 0.44296875 0.11640625 0.16328125
1 0.28125 0.6609375 0.13984375 0.1265625
1 0.33671875 0.86953125 0.10234375 0.16171875
1 0.1453125 0.559375 0.1078125 0.1234375
1 0.12421875 0.43125 0.0953125 0.16875
1 0.26640625 0.18984375 0.10234375 0.13984375
1 0.38359375 0.0578125 0.07421875 0.0921875