1 0.4484375 0.14140625 0.0515625 0.0796875
1 0.49921875 0.171875 0.046875 0.0765625
0 0.5578125 0.16796875 0.04375 0.08203125
0 0.32265625 0.12109375 0.05625 0.0890625
1 0.2703125 0.2015625 0.06015625 0.0796875
0 0.4125 0.3578125 0.05234375 0.0796875
0 0.46015625 0.3046875 0.05078125 0.08203125
0 0.45546875 0.42578125 0.04453125 0.08046875
0 0.528125 0.453125 0.06015625 0.0796875
1 0.5984375 0.83359375 0.0671875 0.1203125
1 0.6734375 0.8453125 0.06484375 0.10703125
1 0.7390625 0.32578125 0.05546875 0.071875