3 0.20859375 0.33515625 0.0421875 0.0421875
1 0.10625 0.2828125 0.02734375 0.0328125
1 0.0390625 0.32109375 0.025 0.028125
1 0.1421875 0.378125 0.0234375 0.028125
1 0.4203125 0.46875 0.025 0.028125
1 0.4953125 0.5421875 0.025 0.02890625
3 0.92421875 0.62578125 0.0421875 0.04375
1 0.60546875 0.36875 0.028125 0.028125
1 0.69921875 0.3109375 0.028125 0.028125
1 0.76328125 0.23515625 0.025 0.03046875
1 0.83046875 0.19609375 0.02109375 0.02890625
1 0.89921875 0.15703125 0.025 0.0328125
0 0.984375 0.0875 0.03125 0.03984375
1 0.5234375 0.90703125 0.02265625 0.03046875
1 0.6265625 0.8484375 0.0234375 0.03046875
1 0.7296875 0.7921875 0.01875 0.02890625