1 0.4109375 0.38125 0.06171875 0.0796875
1 0.453125 0.7421875 0.0453125 0.10859375
1 0.528125 0.75703125 0.06953125 0.096875
1 0.6296875 0.27109375 0.0515625 0.07109375
1 0.3421875 0.35859375 0.05390625 0.08203125
1 0.234375 0.075 0.0515625 0.0625
1 0.17890625 0.14453125 0.0515625 0.06875
0 0.21953125 0.521875 0.059375 0.1046875
0 0.19375 0.40546875 0.05546875 0.09140625
0 0.30390625 0.290625 0.0609375 0.078125
0 0.35546875 0.0953125 0.04140625 0.0609375
0 0.40078125 0.12734375 0.04140625 0.05
0 0.10546875 0.275 0.0484375 0.0875