1 0.6171875 0.20234375 0.04921875 0.07421875
1 0.4609375 0.0625 0.04453125 0.0671875
1 0.40078125 0.06796875 0.04453125 0.06484375
1 0.359375 0.0421875 0.0453125 0.06875
1 0.2421875 0.02890625 0.04375 0.0578125
1 0.19375 0.08828125 0.04453125 0.06640625
1 0.36171875 0.1875 0.05078125 0.0703125
0 0.521875 0.6421875 0.06328125 0.08046875
0 0.41171875 0.30703125 0.0578125 0.07421875
0 0.346875 0.284375 0.046875 0.07421875
0 0.3125 0.225 0.06015625 0.06875
0 0.20390625 0.3296875 0.0484375 0.08203125
0 0.1265625 0.20625 0.0453125 0.0875