1 0.62734375 0.37890625 0.05703125 0.08359375
1 0.3921875 0.503125 0.065625 0.09375
1 0.31796875 0.47109375 0.0546875 0.09296875
1 0.28046875 0.39453125 0.0546875 0.084375
1 0.3328125 0.346875 0.05390625 0.0859375
1 0.44921875 0.19609375 0.04921875 0.08046875
1 0.3828125 0.2046875 0.05234375 0.06640625
1 0.3375 0.1703125 0.0484375 0.06875
1 0.20546875 0.1515625 0.0546875 0.07265625
1 0.1515625 0.23203125 0.05 0.0703125
1 0.06796875 0.37734375 0.059375 0.0875
1 0.0796875 0.46796875 0.05546875 0.09140625
1 0.15703125 0.53359375 0.059375 0.1015625
0 0.18203125 0.665625 0.05859375 0.11640625