0 0.3046875 0.29453125 0.06015625 0.0703125
0 0.4640625 0.11875 0.04765625 0.05859375
0 0.4 0.12421875 0.046875 0.053125
0 0.35703125 0.0953125 0.05 0.053125
0 0.1953125 0.40703125 0.0546875 0.08203125
0 0.1796875 0.146875 0.04765625 0.0609375
1 0.63203125 0.2703125 0.0453125 0.078125
1 0.11015625 0.2734375 0.05078125 0.0796875
1 0.34296875 0.35390625 0.05 0.08046875
1 0.4125 0.38125 0.059375 0.08203125
1 0.221875 0.51953125 0.0609375 0.09375
1 0.240625 0.07578125 0.03671875 0.059375
1 0.53125 0.75625 0.06640625 0.08828125
1 0.45234375 0.746875 0.04296875 0.08828125