0 0.40234375 0.4921875 0.0625 0.0875
0 0.39296875 0.64296875 0.0625 0.11640625
0 0.34921875 0.5453125 0.05703125 0.0859375
0 0.25703125 0.26484375 0.0578125 0.06484375
0 0.196875 0.359375 0.0625 0.0859375
0 0.1140625 0.528125 0.06328125 0.09140625
0 0.13203125 0.63359375 0.05 0.09765625
1 0.71953125 0.5234375 0.0671875 0.10078125
1 0.47421875 0.68046875 0.07265625 0.1046875
1 0.21875 0.71640625 0.06875 0.128125
1 0.24765625 0.8640625 0.0671875 0.128125
1 0.39765625 0.28359375 0.0546875 0.07578125
1 0.44765625 0.31953125 0.0546875 0.08828125
1 0.5203125 0.3109375 0.04765625 0.084375