1 0.72890625 0.23125 0.0453125 0.0765625
1 0.665625 0.23828125 0.05234375 0.0703125
1 0.6140625 0.20703125 0.05 0.06796875
1 0.38984375 0.41796875 0.0484375 0.084375
1 0.6484375 0.3859375 0.0546875 0.078125
1 0.9421875 0.41484375 0.06015625 0.0703125
1 0.434375 0.26953125 0.05703125 0.06484375
1 0.48046875 0.1875 0.053125 0.0625
1 0.60390625 0.43671875 0.059375 0.0765625
1 0.4171875 0.50859375 0.05390625 0.0765625
1 0.5046875 0.57578125 0.0453125 0.09140625
1 0.653125 0.51171875 0.05234375 0.09921875