0 0.3828125 0.5234375 0.05234375 0.096875
0 0.48515625 0.25546875 0.0453125 0.06328125
0 0.62109375 0.28203125 0.05546875 0.07421875
0 0.67734375 0.3265625 0.059375 0.06640625
0 0.6609375 0.4859375 0.06796875 0.096875
0 0.60859375 0.53984375 0.0703125 0.10078125
0 0.6671875 0.6234375 0.06171875 0.11484375
0 0.51015625 0.68984375 0.0578125 0.11796875
0 0.4140625 0.6140625 0.05625 0.10078125
0 0.5703125 0.83984375 0.065625 0.12734375
0 0.9640625 0.51171875 0.065625 0.08203125
1 0.7421875 0.30859375 0.04921875 0.084375
1 0.7515625 0.66171875 0.0703125 0.09921875