1 0.45 0.24453125 0.05234375 0.0765625
1 0.3796875 0.25234375 0.0546875 0.0671875
1 0.33125 0.21640625 0.05234375 0.07578125
1 0.1984375 0.2 0.05546875 0.06328125
1 0.13984375 0.28203125 0.05546875 0.07421875
1 0.63203125 0.43359375 0.05546875 0.07578125
1 0.053125 0.44140625 0.04921875 0.08984375
1 0.3296875 0.40390625 0.05703125 0.07578125
1 0.27109375 0.45859375 0.06328125 0.08046875
1 0.3078125 0.5375 0.04375 0.08828125
0 0.3984375 0.571875 0.0453125 0.07578125
1 0.14375 0.6046875 0.06171875 0.11640625
1 0.0609375 0.53671875 0.0484375 0.0875
1 0.16875 0.73515625 0.0609375 0.1140625