1 0.29765625 0.25625 0.05234375 0.09140625
1 0.3515625 0.13515625 0.046875 0.06328125
1 0.79921875 0.2546875 0.05 0.07578125
1 0.534375 0.23203125 0.0546875 0.06796875
1 0.48984375 0.271875 0.05390625 0.071875
1 0.6015625 0.3578125 0.05703125 0.06875
1 0.5359375 0.334375 0.0453125 0.07890625
1 0.3953125 0.38125 0.053125 0.090625
1 0.43515625 0.4921875 0.053125 0.09765625
1 0.31953125 0.3296875 0.0390625 0.0640625
1 0.61875 0.10390625 0.0328125 0.05859375
1 0.56015625 0.1078125 0.0453125 0.0625
0 0.51640625 0.084375 0.04921875 0.0578125