1 0.16640625 0.596875 0.0546875 0.10703125
1 0.1421875 0.47421875 0.05625 0.09375
1 0.06484375 0.41171875 0.0546875 0.0859375
1 0.0578125 0.325 0.05546875 0.09140625
1 0.13828125 0.184375 0.04921875 0.08046875
1 0.26328125 0.34921875 0.059375 0.08203125
1 0.3 0.41171875 0.046875 0.096875
1 0.37109375 0.440625 0.06484375 0.08984375
1 0.60078125 0.325 0.05625 0.08359375
1 0.43125 0.153125 0.04765625 0.0796875
1 0.3671875 0.16484375 0.04921875 0.07265625
1 0.3203125 0.13046875 0.0484375 0.0703125
1 0.31484375 0.29375 0.04609375 0.06640625
1 0.1953125 0.11796875 0.05 0.06875