1 0.31328125 0.47109375 0.05234375 0.0984375
1 0.37109375 0.31015625 0.053125 0.0734375
1 0.33828125 0.565625 0.05859375 0.08515625
1 0.58359375 0.42734375 0.0578125 0.071875
1 0.675 0.2671875 0.0453125 0.08046875
0 0.41796875 0.22578125 0.05546875 0.059375
0 0.534375 0.490625 0.0640625 0.08515625
0 0.58671875 0.56953125 0.0578125 0.10546875
0 0.66640625 0.6046875 0.06875 0.0984375
0 0.43046875 0.6359375 0.06171875 0.1125
0 0.47734375 0.77890625 0.07109375 0.12421875
0 0.60859375 0.28203125 0.0546875 0.06015625
0 0.5578125 0.2421875 0.05 0.0609375
1 0.8875 0.4625 0.065625 0.08515625