1 0.38359375 0.45078125 0.04453125 0.08984375
1 0.4359375 0.2953125 0.05234375 0.0796875
1 0.4890625 0.19609375 0.04375 0.0671875
1 0.6171875 0.22578125 0.0546875 0.0703125
1 0.66953125 0.26171875 0.0546875 0.06875
1 0.7328125 0.246875 0.046875 0.08359375
1 0.9484375 0.4421875 0.0640625 0.0859375
1 0.65234375 0.415625 0.06171875 0.0765625
1 0.60546875 0.465625 0.0609375 0.08984375
1 0.65859375 0.540625 0.0609375 0.1046875
1 0.7421875 0.57734375 0.06640625 0.09375
1 0.41875 0.5453125 0.0515625 0.08203125