1 0.3875 0.56875 0.0546875 0.1109375
1 0.4421875 0.3890625 0.05390625 0.084375
1 0.48671875 0.28671875 0.05234375 0.0703125
1 0.63046875 0.3125 0.05390625 0.08203125
1 0.75390625 0.34453125 0.0484375 0.0859375
1 0.66953125 0.521875 0.0640625 0.08828125
1 0.62109375 0.58515625 0.06484375 0.09140625
1 0.678125 0.6765625 0.0671875 0.1125
1 0.5203125 0.7546875 0.06875 0.11015625
1 0.41640625 0.67109375 0.0640625 0.1015625
1 0.9765625 0.55390625 0.04453125 0.10703125
0 0.7671875 0.71953125 0.071875 0.09765625
0 0.578125 0.89296875 0.0546875 0.08203125
0 0.68515625 0.36015625 0.05703125 0.07421875